ROI0_SFR_RESULT=0.439299
ROI1_SFR_RESULT=0.543829
ROI2_SFR_RESULT=0.535036
ROI3_SFR_RESULT=0.538197
ROI4_SFR_RESULT=0.334292
ROI5_SFR_RESULT=0.423784
ROI6_SFR_RESULT=0.396743
ROI7_SFR_RESULT=0.380991
ROI8_SFR_RESULT=0.598558
ROI9_SFR_RESULT=0.573287
ROI10_SFR_RESULT=0.628600
ROI11_SFR_RESULT=0.564146
ROI12_SFR_RESULT=0.527294
ROI13_SFR_RESULT=0.380005
ROI14_SFR_RESULT=0.569311
ROI15_SFR_RESULT=0.642947
ROI16_SFR_RESULT=0.678790
ROI17_SFR_RESULT=0.608756
ROI18_SFR_RESULT=0.607123
ROI19_SFR_RESULT=0.597710
ROI20_SFR_RESULT=0.683424
ROI21_SFR_RESULT=0.589615
ROI22_SFR_RESULT=0.570812
ROI23_SFR_RESULT=0.539686
ROI24_SFR_RESULT=0.679531
ROI25_SFR_RESULT=0.396744
ROI26_SFR_RESULT=0.582514
ROI27_SFR_RESULT=0.681605
ROI28_SFR_RESULT=0.640319
ROI29_SFR_RESULT=0.559006
ROI30_SFR_RESULT=0.553013
ROI31_SFR_RESULT=0.599932
ROI32_SFR_RESULT=0.621597
ROI33_SFR_RESULT=0.443940
ROI34_SFR_RESULT=0.605008
ROI35_SFR_RESULT=0.478646
