COLOR_RED_DELTA_C=21.0379934025
COLOR_RED_DELTA_E=43.4477520203
COLOR_GREEN_DELTA_C=7.81223299636
COLOR_GREEN_DELTA_E=35.6657299542
COLOR_BLUE_DELTA_C=12.5070851884
COLOR_BLUE_DELTA_E=36.2526402231
COLOR_CYAN_DELTA_C=16.5167484426
COLOR_CYAN_DELTA_E=55.8124250376
COLOR_MAGENTA_DELTA_C=21.438829718
COLOR_MAGENTA_DELTA_E=45.4061437698
COLOR_YELLOW_DELTA_C=23.1712481635
COLOR_YELLOW_DELTA_E=75.6261108454
