ROI0_SFR_RESULT=0.498330
ROI1_SFR_RESULT=0.440698
ROI2_SFR_RESULT=0.493461
ROI3_SFR_RESULT=0.460782
ROI4_SFR_RESULT=0.456635
ROI5_SFR_RESULT=0.216101
ROI6_SFR_RESULT=0.387502
ROI7_SFR_RESULT=0.228025
ROI8_SFR_RESULT=0.557071
ROI9_SFR_RESULT=0.550083
ROI10_SFR_RESULT=0.546194
ROI11_SFR_RESULT=0.500224
ROI12_SFR_RESULT=0.463905
ROI13_SFR_RESULT=0.264450
ROI14_SFR_RESULT=0.518495
ROI15_SFR_RESULT=0.456694
ROI16_SFR_RESULT=0.487521
ROI17_SFR_RESULT=0.558382
ROI18_SFR_RESULT=0.463638
ROI19_SFR_RESULT=0.442755
ROI20_SFR_RESULT=0.573627
ROI21_SFR_RESULT=0.519704
ROI22_SFR_RESULT=0.477584
ROI23_SFR_RESULT=0.503978
ROI24_SFR_RESULT=0.421123
ROI25_SFR_RESULT=0.254311
ROI26_SFR_RESULT=0.283036
ROI27_SFR_RESULT=0.418754
ROI28_SFR_RESULT=0.498097
ROI29_SFR_RESULT=0.440176
ROI30_SFR_RESULT=0.429538
ROI31_SFR_RESULT=0.453820
ROI32_SFR_RESULT=0.213983
ROI33_SFR_RESULT=0.217168
ROI34_SFR_RESULT=0.226824
ROI35_SFR_RESULT=0.241447
