COLOR_RED_DELTA_C=5.17227995759
COLOR_RED_DELTA_E=9.44339002905
COLOR_GREEN_DELTA_C=3.33132852904
COLOR_GREEN_DELTA_E=3.45945277207
COLOR_BLUE_DELTA_C=3.00243454894
COLOR_BLUE_DELTA_E=9.43294725341
COLOR_CYAN_DELTA_C=3.90205814866
COLOR_CYAN_DELTA_E=18.3272987558
COLOR_MAGENTA_DELTA_C=9.3016547058
COLOR_MAGENTA_DELTA_E=19.3643190335
COLOR_YELLOW_DELTA_C=5.41456913995
COLOR_YELLOW_DELTA_E=9.36023645258
