SHIFT_DISTANCE_X=43.000000
SHIFT_DISTANCE_Y=-32.000000
SHIFT_DISTANCE_TOTAL=53.600373
IMG_ROTATE_ANGLE=1.716642
DISTORTION_H=-5.454287
DISTORTION_V=-11.099044
DYNAMIC_RANGE_DB=28.379494
DR_ROI_1_DELTA=52.199863
DR_ROI_2_DELTA=50.707958
DR_ROI_3_DELTA=35.475174
DR_ROI_4_DELTA=36.874565
DR_ROI_5_DELTA=22.428860
SNR_DB=-1.541513
