COLOR_RED_DELTA_C=21.6082770267
COLOR_RED_DELTA_E=44.5669267772
COLOR_GREEN_DELTA_C=7.7825932706
COLOR_GREEN_DELTA_E=36.6429585954
COLOR_BLUE_DELTA_C=12.7551762383
COLOR_BLUE_DELTA_E=37.3164289969
COLOR_CYAN_DELTA_C=16.599634194
COLOR_CYAN_DELTA_E=58.0546819261
COLOR_MAGENTA_DELTA_C=21.1972484955
COLOR_MAGENTA_DELTA_E=46.3878381336
COLOR_YELLOW_DELTA_C=21.7536413072
COLOR_YELLOW_DELTA_E=78.3309545784
