SHIFT_DISTANCE_X=10.000000
SHIFT_DISTANCE_Y=-22.000000
SHIFT_DISTANCE_TOTAL=24.166092
IMG_ROTATE_ANGLE=0.229411
DISTORTION_H=-5.290930
DISTORTION_V=-11.217391
DYNAMIC_RANGE_DB=29.260063
DR_ROI_1_DELTA=110.727409
DR_ROI_2_DELTA=110.613098
DR_ROI_3_DELTA=76.847366
DR_ROI_4_DELTA=77.220490
DR_ROI_5_DELTA=46.122070
SNR_DB=5.021800
