COLOR_RED_DELTA_C=2.57277099875
COLOR_RED_DELTA_E=5.50614919403
COLOR_GREEN_DELTA_C=4.57934679622
COLOR_GREEN_DELTA_E=6.31166655271
COLOR_BLUE_DELTA_C=4.97115642089
COLOR_BLUE_DELTA_E=8.01712983109
COLOR_CYAN_DELTA_C=3.92936088878
COLOR_CYAN_DELTA_E=11.8788240786
COLOR_MAGENTA_DELTA_C=8.28186461811
COLOR_MAGENTA_DELTA_E=15.0388667126
COLOR_YELLOW_DELTA_C=6.51651406232
COLOR_YELLOW_DELTA_E=7.18382256375
