ROI0_SFR_RESULT=0.559596
ROI1_SFR_RESULT=0.471812
ROI2_SFR_RESULT=0.533719
ROI3_SFR_RESULT=0.517635
ROI4_SFR_RESULT=0.397317
ROI5_SFR_RESULT=0.218652
ROI6_SFR_RESULT=0.339118
ROI7_SFR_RESULT=0.227516
ROI8_SFR_RESULT=0.575387
ROI9_SFR_RESULT=0.555462
ROI10_SFR_RESULT=0.568957
ROI11_SFR_RESULT=0.524164
ROI12_SFR_RESULT=0.452925
ROI13_SFR_RESULT=0.356816
ROI14_SFR_RESULT=0.476195
ROI15_SFR_RESULT=0.493423
ROI16_SFR_RESULT=0.514891
ROI17_SFR_RESULT=0.573274
ROI18_SFR_RESULT=0.498207
ROI19_SFR_RESULT=0.530929
ROI20_SFR_RESULT=0.611128
ROI21_SFR_RESULT=0.570192
ROI22_SFR_RESULT=0.548153
ROI23_SFR_RESULT=0.498068
ROI24_SFR_RESULT=0.431833
ROI25_SFR_RESULT=0.336807
ROI26_SFR_RESULT=0.342765
ROI27_SFR_RESULT=0.540591
ROI28_SFR_RESULT=0.509624
ROI29_SFR_RESULT=0.419426
ROI30_SFR_RESULT=0.445414
ROI31_SFR_RESULT=0.491216
ROI32_SFR_RESULT=0.230586
ROI33_SFR_RESULT=0.245174
ROI34_SFR_RESULT=0.289307
ROI35_SFR_RESULT=0.292047
