ROI0_SFR_RESULT=0.000000
ROI1_SFR_RESULT=0.330606
ROI2_SFR_RESULT=0.377676
ROI3_SFR_RESULT=0.276855
ROI4_SFR_RESULT=0.000000
ROI5_SFR_RESULT=0.259438
ROI6_SFR_RESULT=0.176992
ROI7_SFR_RESULT=0.262265
ROI8_SFR_RESULT=0.442904
ROI9_SFR_RESULT=0.477856
ROI10_SFR_RESULT=0.379157
ROI11_SFR_RESULT=0.427392
ROI12_SFR_RESULT=0.236008
ROI13_SFR_RESULT=0.269265
ROI14_SFR_RESULT=0.382437
ROI15_SFR_RESULT=0.366872
ROI16_SFR_RESULT=0.493972
ROI17_SFR_RESULT=0.494371
ROI18_SFR_RESULT=0.465354
ROI19_SFR_RESULT=0.447391
ROI20_SFR_RESULT=0.517683
ROI21_SFR_RESULT=0.473522
ROI22_SFR_RESULT=0.494514
ROI23_SFR_RESULT=0.474817
ROI24_SFR_RESULT=0.410874
ROI25_SFR_RESULT=0.331429
ROI26_SFR_RESULT=0.393216
ROI27_SFR_RESULT=0.423885
ROI28_SFR_RESULT=0.451633
ROI29_SFR_RESULT=0.418136
ROI30_SFR_RESULT=0.388127
ROI31_SFR_RESULT=0.420491
ROI32_SFR_RESULT=0.394890
ROI33_SFR_RESULT=0.344632
ROI34_SFR_RESULT=0.387165
ROI35_SFR_RESULT=0.343375
