SHIFT_DISTANCE_X=17.000000
SHIFT_DISTANCE_Y=-11.000000
SHIFT_DISTANCE_TOTAL=20.248457
IMG_ROTATE_ANGLE=-2.193840
DISTORTION_H=-5.360182
DISTORTION_V=-11.495246
DYNAMIC_RANGE_DB=29.831604
DR_ROI_1_DELTA=103.854279
DR_ROI_2_DELTA=104.314827
DR_ROI_3_DELTA=72.355576
DR_ROI_4_DELTA=74.558762
DR_ROI_5_DELTA=43.738270
SNR_DB=4.524501
