COLOR_RED_DELTA_C=3.91879879444
COLOR_RED_DELTA_E=8.83546659486
COLOR_GREEN_DELTA_C=3.78886267396
COLOR_GREEN_DELTA_E=3.78897886146
COLOR_BLUE_DELTA_C=3.46197841986
COLOR_BLUE_DELTA_E=9.83564866307
COLOR_CYAN_DELTA_C=3.92859092953
COLOR_CYAN_DELTA_E=16.8675024531
COLOR_MAGENTA_DELTA_C=8.82102819657
COLOR_MAGENTA_DELTA_E=17.8949252369
COLOR_YELLOW_DELTA_C=5.53480769688
COLOR_YELLOW_DELTA_E=7.66332712704
