ROI0_SFR_RESULT=0.581048
ROI1_SFR_RESULT=0.497947
ROI2_SFR_RESULT=0.555665
ROI3_SFR_RESULT=0.515514
ROI4_SFR_RESULT=0.520208
ROI5_SFR_RESULT=0.313417
ROI6_SFR_RESULT=0.471980
ROI7_SFR_RESULT=0.320191
ROI8_SFR_RESULT=0.590068
ROI9_SFR_RESULT=0.545281
ROI10_SFR_RESULT=0.539882
ROI11_SFR_RESULT=0.530449
ROI12_SFR_RESULT=0.519116
ROI13_SFR_RESULT=0.368516
ROI14_SFR_RESULT=0.560756
ROI15_SFR_RESULT=0.512188
ROI16_SFR_RESULT=0.554709
ROI17_SFR_RESULT=0.623713
ROI18_SFR_RESULT=0.538490
ROI19_SFR_RESULT=0.482041
ROI20_SFR_RESULT=0.613309
ROI21_SFR_RESULT=0.553196
ROI22_SFR_RESULT=0.554171
ROI23_SFR_RESULT=0.503716
ROI24_SFR_RESULT=0.560395
ROI25_SFR_RESULT=0.377953
ROI26_SFR_RESULT=0.494834
ROI27_SFR_RESULT=0.509011
ROI28_SFR_RESULT=0.548899
ROI29_SFR_RESULT=0.466891
ROI30_SFR_RESULT=0.519314
ROI31_SFR_RESULT=0.511455
ROI32_SFR_RESULT=0.399056
ROI33_SFR_RESULT=0.251674
ROI34_SFR_RESULT=0.399182
ROI35_SFR_RESULT=0.306450
