SHIFT_DISTANCE_X=43.000000
SHIFT_DISTANCE_Y=-16.000000
SHIFT_DISTANCE_TOTAL=45.880279
IMG_ROTATE_ANGLE=-0.772673
DISTORTION_H=-5.438497
DISTORTION_V=-11.354755
DYNAMIC_RANGE_DB=28.991037
DR_ROI_1_DELTA=51.423973
DR_ROI_2_DELTA=49.828533
DR_ROI_3_DELTA=34.654961
DR_ROI_4_DELTA=36.913460
DR_ROI_5_DELTA=21.606945
SNR_DB=-1.699978
