ROI0_SFR_RESULT=0.535869
ROI1_SFR_RESULT=0.444724
ROI2_SFR_RESULT=0.510084
ROI3_SFR_RESULT=0.471305
ROI4_SFR_RESULT=0.348111
ROI5_SFR_RESULT=0.235795
ROI6_SFR_RESULT=0.336935
ROI7_SFR_RESULT=0.239416
ROI8_SFR_RESULT=0.582629
ROI9_SFR_RESULT=0.555412
ROI10_SFR_RESULT=0.568152
ROI11_SFR_RESULT=0.507762
ROI12_SFR_RESULT=0.450742
ROI13_SFR_RESULT=0.296151
ROI14_SFR_RESULT=0.488365
ROI15_SFR_RESULT=0.524908
ROI16_SFR_RESULT=0.555949
ROI17_SFR_RESULT=0.588979
ROI18_SFR_RESULT=0.493988
ROI19_SFR_RESULT=0.529860
ROI20_SFR_RESULT=0.618816
ROI21_SFR_RESULT=0.561968
ROI22_SFR_RESULT=0.545431
ROI23_SFR_RESULT=0.498857
ROI24_SFR_RESULT=0.542413
ROI25_SFR_RESULT=0.346785
ROI26_SFR_RESULT=0.515792
ROI27_SFR_RESULT=0.510380
ROI28_SFR_RESULT=0.553078
ROI29_SFR_RESULT=0.467849
ROI30_SFR_RESULT=0.479541
ROI31_SFR_RESULT=0.485168
ROI32_SFR_RESULT=0.431656
ROI33_SFR_RESULT=0.237315
ROI34_SFR_RESULT=0.431397
ROI35_SFR_RESULT=0.299176
