ROI0_SFR_RESULT=0.421499
ROI1_SFR_RESULT=0.476657
ROI2_SFR_RESULT=0.472743
ROI3_SFR_RESULT=0.494865
ROI4_SFR_RESULT=0.386712
ROI5_SFR_RESULT=0.273504
ROI6_SFR_RESULT=0.389616
ROI7_SFR_RESULT=0.246100
ROI8_SFR_RESULT=0.549316
ROI9_SFR_RESULT=0.583741
ROI10_SFR_RESULT=0.568243
ROI11_SFR_RESULT=0.527154
ROI12_SFR_RESULT=0.445060
ROI13_SFR_RESULT=0.294413
ROI14_SFR_RESULT=0.537468
ROI15_SFR_RESULT=0.499894
ROI16_SFR_RESULT=0.601675
ROI17_SFR_RESULT=0.603642
ROI18_SFR_RESULT=0.527957
ROI19_SFR_RESULT=0.540997
ROI20_SFR_RESULT=0.620186
ROI21_SFR_RESULT=0.584940
ROI22_SFR_RESULT=0.539342
ROI23_SFR_RESULT=0.516582
ROI24_SFR_RESULT=0.584434
ROI25_SFR_RESULT=0.395078
ROI26_SFR_RESULT=0.513537
ROI27_SFR_RESULT=0.543175
ROI28_SFR_RESULT=0.537798
ROI29_SFR_RESULT=0.475650
ROI30_SFR_RESULT=0.524328
ROI31_SFR_RESULT=0.487629
ROI32_SFR_RESULT=0.439093
ROI33_SFR_RESULT=0.324501
ROI34_SFR_RESULT=0.439157
ROI35_SFR_RESULT=0.327179
