SHIFT_DISTANCE_X=-14.000000
SHIFT_DISTANCE_Y=7.000000
SHIFT_DISTANCE_TOTAL=15.652476
IMG_ROTATE_ANGLE=0.458127
DISTORTION_H=-5.313390
DISTORTION_V=-11.185925
DYNAMIC_RANGE_DB=30.000435
DR_ROI_1_DELTA=103.904320
DR_ROI_2_DELTA=103.172691
DR_ROI_3_DELTA=69.716835
DR_ROI_4_DELTA=72.115425
DR_ROI_5_DELTA=43.326492
SNR_DB=4.421873
